T_K	rho_1e-6_ohms.m	sigma_1e3_S/m	S_1e-6_V/K	PF_1e-6_W/m/K^2	Nc_1e20_cm^-3	Ef_eV
320.	17.57305812555761	56.905291774209566	-120.80354956816133	0.8304472382665694	-1.7074475488863023	0.09548130455604775
326.0402684563758	17.649160952254668	56.65991730174859	-124.51236551270698	0.8784173484229799	-1.7162119096191857	0.09536953723839128
332.08053691275165	17.713926311248255	56.4527582665287	-127.83588381823657	0.9225517202932352	-1.7252021246906049	0.09529048903946909
338.12080536912754	17.77284727646613	56.265604742136475	-130.7908308515033	0.9624930191955081	-1.734228111112821	0.09524294077458066
344.16107382550337	17.83033496891791	56.08419593592684	-133.40370179409723	0.9981050655184893	-1.7430328251540146	0.09513531462684373
350.2013422818792	17.889635684730223	55.89828756845811	-135.70887379974215	1.0294730844471116	-1.751305520311101	0.0949849807717578
356.241610738255	17.9528359061854	55.70150617014574	-137.7463897222101	1.0568841591743028	-1.7586979899473507	0.09485579311670415
362.28187919463085	18.02094714732952	55.49097901594965	-139.55956024277884	1.0807906319199236	-1.764843100634563	0.09465016898040873
368.32214765100673	18.094056686876957	55.266766171085784	-141.1925426341724	1.101761447998616	-1.7693747881950288	0.09433693227231406
374.36241610738256	18.1715258765336	55.03115185782956	-142.68805245369276	1.1204276653134662	-1.7719485914691258	0.09397169263702343
380.4026845637584	18.252215220119105	54.787870290819114	-144.08535031927883	1.1374284121822793	-1.772261745450205	0.09354432618386649
386.4429530201342	18.33471493657784	54.541344300095744	-145.4186208549829	1.1533626437342506	-1.7700718500337818	0.09295205519992404
392.48322147651004	18.41756118069266	54.29600532823594	-146.71582715846677	1.1687505054338336	-1.7652131751159728	0.09225495986643217
398.5234899328859	18.4994212397399	54.05574515227699	-147.99808478099857	1.1840063975510406	-1.7576097564743078	0.09146414519215042
404.56375838926175	18.579235439123853	53.82352806048284	-149.27955773777597	1.1994242944712294	-1.7472845762161262	0.09053976640939407
410.6040268456376	18.656308657250527	53.60117150566992	-150.56783913015266	1.2151746948886843	-1.7343643006067873	0.08950640599607668
416.6442953020134	18.7303497106751	53.389286129028555	-151.86474398497143	1.231311791924341	-1.7190792582390189	0.08839279599386198
422.6845637583893	18.80146188459894	53.18735352271419	-153.16741476600635	1.2477889799260287	-1.701758572424079	0.08715836718787984
428.7248322147651	18.87009208809461	52.99391202393301	-154.46962273505343	1.2644805460681283	-1.682820601489121	0.08581318532570992
434.76510067114094	18.936949165274548	52.806816518985045	-155.76314198599715	1.281207241441003	-1.6627590767448663	0.08444723959266784
440.80536912751677	19.002903598791722	52.62353696640254	-157.03907753214304	1.297763352002401	-1.6421255475016459	0.08303680152407517
446.8456375838926	19.068881163522253	52.441461637138225	-158.28904326297126	1.3139429105592448	-1.6215089335925839	0.08155178418718477
452.8859060402685	19.135762136895146	52.25817465989123	-159.50610799739235	1.3295628523423886	-1.6015131376899348	0.08008260809772674
458.9261744966443	19.204295681133804	52.071683159012935	-160.68545569800565	1.344481260942102	-1.5827337735022708	0.07869242828784183
464.96644295302013	19.275036299822904	51.88057674418947	-161.82473626786611	1.3586093878539172	-1.5657351155914814	0.07730917077318328
471.00671140939596	19.34830619688829	51.684110734242246	-162.92411326585108	1.371916818627404	-1.551028368715821	0.0760437924589117
477.0469798657718	19.424184288341763	51.482213366364725	-163.9860416271403	1.3844299173313652	-1.5390522892944638	0.07490167991439489
483.0872483221477	19.502519852973908	51.27542530600279	-165.01482983074692	1.3962243991726084	-1.5301570719013702	0.07385796800535485
489.1275167785235	19.58296660332001	51.06478605904707	-166.01605536082164	1.4074134525100386	-1.5245922459181118	0.07292818389630194
495.1677852348993	19.66503146827815	50.851685725146666	-166.9959089880939	1.418133180399205	-1.5224991205946359	0.07215715710954217
501.20805369127515	19.7481316632827	50.63770168492849	-167.96054237445136	1.4285272285869726	-1.52390808207607	0.07158696979493241
507.248322147651	19.831653651785746	50.42443850414636	-168.915485533891	1.438732329342638	-1.5287407963562534	0.07112564471475341
513.2885906040268	19.91500826682978	50.213386135801365	-169.8651871250202	1.4488661722062823	-1.5368171214038597	0.07081515314748253
519.3288590604027	19.997677404196708	50.00580716389295	-170.81271318133935	1.4590185847406172	-1.5478662937516454	0.07064823062247395
525.3691275167786	20.079249131644985	49.802659125534504	-171.75962069642338	1.4692465394677008	-1.5615417427911313	0.07060179773599173
531.4093959731543	20.159439591608226	49.604553512304484	-172.70600346196164	1.479573055404742	-1.5774387115039155	0.07064543739085527
537.4496644295302	20.238101535506694	49.41174933061543	-173.6506905089787	1.4899896742459018	-1.5951137348294515	0.07076361642138558
543.489932885906	20.315220579454092	49.224176330694405	-174.59156387981068	1.5004618856477672	-1.6141049530056324	0.07095899759747079
549.5302013422819	20.39090122101713	49.04148125484953	-175.52595326165562	1.5109366640772777	-1.633952220549173	0.0711668182553435
555.5704697986578	20.465345259629245	48.86308964318525	-176.4510607343891	1.5213511640924609	-1.654216012268868	0.07138249580401665
561.6107382550335	20.5388255184854	48.68827572929999	-177.3643695125016	1.5316415996744412	-1.6744942226392976	0.0716279439608166
567.6510067114094	20.611657708962127	48.51623358586978	-178.26399562003144	1.5417514002573998	-1.6944360977158655	0.07181752765980758
573.6912751677852	20.6841729715901	48.34614375800807	-179.14895008275755	1.5516378808007567	-1.7137527204734533	0.07196826160048987
579.7315436241611	20.75669314617813	48.177230975933526	-180.0192903472322	1.5612768695329529	-1.732223679769663	0.07211814822496362
585.771812080537	20.829510246809477	48.00881000805927	-180.87615199913313	1.5706649832069266	-1.749699777348335	0.07217975778795162
591.8120805369127	20.902871017692995	47.840318162684994	-181.7216642007079	1.5798195000066309	-1.766101852996358	0.0721824976918106
597.8523489932886	20.97696688289325	47.67133425831461	-182.55876344748134	1.5887760274175886	-1.7814160218504986	0.0721552070386333
603.8926174496644	21.051929119929326	47.501584976045045	-183.39092930240128	1.597584371427489	-1.7956858075882878	0.07207886633841264
609.9328859060403	21.127828709584122	47.330940332092645	-184.22187200907004	1.6063031650351833	-1.809001810153914	0.07193195065060713
615.9731543624162	21.204680051713165	47.15940054559834	-185.0552049244411	1.6149938969185313	-1.8214896584416487	0.0717438661895066
622.0134228187919	21.282447585925812	46.98707683703189	-185.89413446823306	1.6237149928444312	-1.8332970614442328	0.07156014451156374
628.0536912751678	21.361054304260534	46.81416870891746	-186.74119697973907	1.6325165487019204	-1.8445807833619878	0.07131408808597843
634.0939597315436	21.44039117276881	46.64094008089219	-187.59806597903614	1.6414362068063877	-1.8554943298346287	0.0710484130895198
640.1342281879195	21.520326570801682	46.467696329328874	-188.46544552471804	1.6504965219729602	-1.866177047706204	0.07078750632441465
646.1744966442953	21.600714992197396	46.29476387060427	-189.34305645278707	1.6597039977534689	-1.876745216259625	0.07050281708477565
652.2147651006711	21.681404415231384	46.12247347305099	-190.22971313572003	1.6690498026168634	-1.887285552694921	0.07021419220668382
658.255033557047	21.762241924884158	45.95114802287646	-191.1234798637696	1.6785120155046334	-1.897851379515133	0.06992491832825481
664.2953020134228	21.843077351256596	45.78109503157858	-192.02188877979165	1.688059112624873	-1.9084615181597628	0.06963514529619626
670.3355704697987	21.923764863576316	45.61260377597732	-192.92219610232743	1.6976543025591242	-1.9191017936349952	0.06934835749542272
676.3758389261745	22.00416262339442	45.44594661997355	-193.8216505607287	1.707260252028171	-1.929728870419556	0.06905834819865149
682.4161073825503	22.084130747224798	45.28138378847739	-194.71774772501155	1.7168437242595944	-1.9402760006709325	0.06873862959631712
688.4563758389262	22.16352795222852	45.11917065529502	-195.6084461883644	1.726379676678639	-1.9506601598967914	0.06843365699135964
694.496644295302	22.24220735316861	44.95956647295354	-196.49232606821897	1.7358544316510494	-1.9607899785604366	0.06811605053454962
700.5369127516778	22.320011939720736	44.802843416960634	-197.36867654845327	1.7452676364014237	-1.9705738535688075	0.0677756061813272
706.5771812080537	22.396770286473146	44.64929484069248	-198.2375065505768	1.7546328555740311	-1.9799276414185376	0.06737631036628543
712.6174496644295	22.472293031368736	44.49924173755278	-199.09948036113616	1.7639767790826117	-1.9887813922694235	0.06699660327641359
718.6577181208054	22.54637060201944	44.353036577445046	-199.9557873953546	1.7733371644886875	-1.9970846761448415	0.0665904057630138
724.6979865771812	22.61877257604722	44.21106391329908	-200.80796152964083	1.7827597531261163	-2.004810171439562	0.06611329374567046
730.738255033557	22.68924893706235	44.073737424006296	-201.65766999130233	1.7922944906252207	-2.0119553229466343	0.06561794550855185
736.7785234899329	22.757533340311447	43.941493352825496	-202.50649423011515	1.8019914369511563	-2.018542021757008	0.06513015159463592
742.8187919463087	22.823348341764582	43.814780593349404	-203.3557253095667	1.8118967645298056	-2.0246144024387513	0.06459263626691376
748.8590604026846	22.886412383275413	43.69404794657834	-204.2061941791032	1.8220492160486728	-2.030234984127873	0.06400479949343353
754.8993288590603	22.946448176333377	43.579729303439	-205.05815299110319	1.832477330913951	-2.035479492933148	0.06341779497000684
760.9395973154362	23.00319199941101	43.472227681515015	-205.91121788277937	1.8431976593098498	-2.0404307864170064	0.06284248844289772
766.9798657718121	23.056403328665507	43.37189915292306	-206.7643769831274	1.8542140757951104	-2.045172352037185	0.062212074851532906
773.0201342281879	23.105874166259213	43.279037737523424	-207.6160605470045	1.8655181919064328	-2.0497818678763204	0.061575124892926436
779.0604026845638	23.15143741925138	43.19386230284166	-208.4642637887319	1.8770907607162832	-2.0543252958088645	0.060944619801783034
785.1006711409397	23.192973716002353	43.11650641461446	-209.30670784417106	1.8889038760190668	-2.05885192694721	0.060309896699187925
791.1409395973154	23.230416124239515	43.04701192832105	-210.1410208491097	1.9009237031026962	-2.0633907214368983	0.05966900718052693
797.1812080536913	23.263752350092005	42.985326913353475	-210.96491970222283	1.913113442543559	-2.067948185882071	0.05903020564946984
803.2214765100671	23.29302414262464	42.93130826967498	-211.7763737741862	1.9254362256411695	-2.072507919612809	0.058363911780814
809.261744966443	23.31832379380262	42.884729144458184	-212.57373448526013	1.9378576690413534	-2.0770318440507327	0.05772097821529224
815.3020134228188	23.33978779800296	42.845290996414455	-213.35581894516832	1.9503478725568524	-2.0814630160576284	0.05707379575557095
821.3422818791946	23.357587906370636	42.81263990136825	-214.12194120362014	1.962882720963741	-2.085729824246782	0.05640748162801354
827.3825503355705	23.37191996777645	42.78638645771204	-214.87189047009946	1.9754444383623706	-2.089751283587533	0.05569073242866708
833.4228187919463	23.3829910792312	42.76612844830622	-215.6058612683515	1.988021432149305	-2.0934430834009548	0.05499333479120607
839.4630872483222	23.39100566543828	42.751475259465415	-216.3243452864993	2.0006075426152803	-2.0967240103095564	0.054289149159200016
845.503355704698	23.3961511632711	42.742072959840904	-217.02799817430926	2.0132008749152996	-2.099522362005325	0.05351774185795959
851.5436241610738	23.398583998835008	42.73762891163795	-217.71749640182873	2.025802426413511	-2.101781988861938	0.05271642431179584
857.5838926174497	23.3984165124409	42.737934828551396	-218.3933994029568	2.03841473107463	-2.1034676454751815	0.05190191902427128
863.6241610738255	23.395705413709287	42.74288730845557	-219.05603066328712	2.0510407239884585	-2.104569398488102	0.0510619505476664
869.6644295302013	23.390442242386655	42.75250504617926	-219.7053884385768	2.0636829867830926	-2.1051059145917446	0.050175823247405354
875.7046979865772	23.382546180442265	42.7669421577546	-220.34109281831053	2.0763434747314182	-2.1051265366214356	0.049266871732744404
881.744966442953	23.37185942039325	42.786497300571824	-220.96237137865546	2.089023756606925	-2.1047121392156587	0.04832421600825885
887.7852348993289	23.358145157700303	42.81161852743849	-221.56808123013263	2.101725727302398	-2.103974831896448	0.04735833580924909
893.8255033557047	23.341088155546117	42.842904038404406	-222.1567613535366	2.1144526890176376	-2.1030566408734246	0.046399993496896365
899.8657718120805	23.320297740953478	42.88109916555096	-222.72670614433832	2.127210646319912	-2.102127346854296	0.04544108735629377
905.9060402684564	23.29531304133527	42.92709002131018	-223.27604933540925	2.140009628476348	-2.101381681823509	0.04444712057559809
911.9463087248322	23.265610264768803	42.981894247334814	-223.80284707969963	2.1528648417543303	-2.1010360921280724	0.043471760720647026
917.9865771812081	23.23061186416527	43.04664921644036	-224.30514993308748	2.1657974650299945	-2.10132525919972	0.04255801742664177
924.0268456375838	23.189697497004936	43.12259787473101	-224.78105563106348	2.178834932070201	-2.102498535573198	0.04167023669927566
930.0671140939597	23.142216783820434	43.21107218644397	-225.22873763185032	2.1920105895258337	-2.1048164068166484	0.04082490654568674
936.1073825503356	23.08750395987666	43.3134738921055	-225.64644805513635	2.2053626762072622	-2.1085470350414095	0.040049889105100836
942.1476510067114	23.02489458144942	43.43125205036443	-226.0324974848114	2.218932631308712	-2.113962882998553	0.03935198218056352
948.1879194630873	22.95374446577754	43.565876647748325	-226.3852177253836	2.232762801772058	-2.1213373657467556	0.03876187255550913
954.228187919463	22.87345098934309	43.71880747098054	-226.70291662513026	2.2468936773154917	-2.130941435489218	0.03828257724998806
960.2684563758389	22.78347672621014	43.891457481096324	-226.98383617733865	2.261360832015174	-2.1430399794793287	0.037923978455612545
966.3087248322148	22.683375169855815	44.085150138014335	-227.22612602500567	2.276191790758974	-2.1578879046101007	0.037674423559211176
972.3489932885906	22.572817954476008	44.30107051838905	-227.4278440537766	2.2914030651938426	-2.1757257973669204	0.03760758686998352
978.3892617449665	22.45162259606845	44.540210656093606	-227.58699389071023	2.306997615276156	-2.1967750842752323	0.037693126889543065
984.4295302013422	22.319779345970918	44.80331030604549	-227.701605870749	2.322962987780492	-2.2212326737688985	0.037908634446064314
990.4697986577181	22.177475339687504	45.09079526335709	-227.7698635470359	2.339270360832982	-2.2492651315976495	0.038335924313184604
996.510067114094	22.02511389167883	45.402716413548426	-227.79027238817338	2.355874682413418	-2.281002522848194	0.03892679076881937
1002.5503355704698	21.86332659610812	45.738693771240165	-227.76186133465472	2.372716029767438	-2.3165321374442507	0.039679057188331125
1008.5906040268457	21.692975905116167	46.09787077503532	-227.68440190629434	2.389722235352723	-2.355892394934531	0.040618603883336726
1014.6308724832214	21.515146118956086	46.478884896763134	-227.55862418451068	2.406812724135934	-2.3990672906170483	0.0417070484974527
1020.6711409395973	21.33112126498102	46.8798610057918	-227.38640492173803	2.4239033898379843	-2.44598179116368	0.042987735345765915
1026.711409395973	21.14234916585164	47.2984336866011	-227.17090093507142	2.440912210219533	-2.4964986075961835	0.04437531570612827
1032.751677852349	20.950392068875455	47.73180362030698	-226.91660143386864	2.4577651738935242	-2.5504167620217326	0.04591015689930693
1038.7919463087248	20.756865459780375	48.17683103152805	-226.62927645957436	2.474401977895444	-2.607472319391131	0.04757485018396581
1044.8322147651006	20.563368013214255	48.63016599991736	-226.31580538223432	2.490780874655142	-2.667341576530311	0.04930616676505483
1050.8724832214766	20.371406908525774	49.08841124672068	-225.9838792702031	2.506882019456232	-2.72964689022248	0.051131153292922
1056.9127516778524	20.182323815603475	49.54830816988846	-225.64158340953546	2.5227087142561513	-2.793965189123467	0.05300578870375727
1062.9530201342282	19.997227581229996	50.006932007846444	-225.29688036743784	2.5382860747628455	-2.8598390580464033	0.05492274690024901
1068.993288590604	19.816939885663906	50.46187785650125	-224.95702845949353	2.553656868583168	-2.9267901167952686	0.056822323206126096
1075.03355704698	19.64195978815095	50.91141672142369	-224.62798368535073	2.5688745725355226	-2.9943342497951537	0.05874292830548676
1081.0738255033557	19.47245208440686	51.3546006258133	-224.313843377979	2.583994050307258	-3.0619980884446005	0.060618859220322216
1087.1140939597315	19.30826276712001	51.7912984747078	-224.01639523877992	2.599060616744576	-3.129336016521782	0.062453685099067645
1093.1543624161075	19.148962691515706	52.22214989447278	-223.7348346304148	2.614098582440596	-3.1959468703806806	0.06421407257312689
1099.1946308724832	18.993917953139242	52.64843211743599	-223.46570498183232	2.629100611376177	-3.2614894487718185	0.06594203557399977
1105.234899328859	18.84238269967486	53.071844253394545	-223.20310062689137	2.6440193325612618	-3.3256959383245865	0.06753676515087984
1111.275167785235	18.69360738701982	53.49422288040374	-222.93914889085028	2.658762596174344	-3.3883824037342567	0.06909134000507117
1117.3154362416108	18.5469531411861	53.91721175913041	-222.66476020874856	2.673193546206847	-3.4494555870039885	0.07054180529250773
1123.3557046979865	18.402001187245475	54.341915850603534	-222.3706038302798	2.6871363035296616	-3.5089154049965816	0.0719295429042461
1129.3959731543623	18.258645504080786	54.768575236125876	-222.0482352761578	2.7003875385080582	-3.5668527230572704	0.07321874510005995
1135.4362416107383	18.117157141453568	55.196297752030674	-221.69127365756853	2.7127335945804902	-3.6234422056977102	0.07445676604211708
1141.476510067114	17.978210082246832	55.62288989978387	-221.29650584350838	2.7239721459760378	-3.6789302918991704	0.07564503989810481
1147.5167785234898	17.842861123031426	56.04482336687628	-220.86478353595965	2.7339366859398937	-3.7336185993028397	0.0767541903171653
1153.5570469798658	17.71247983467409	56.45736843930752	-220.40158112482837	2.742521511145484	-3.7878433141932373	0.07787257710123023
1159.5973154362416	17.588628989902716	56.85491464821279	-219.91709815336185	2.749704373658682	-3.841951358299891	0.07895873904521808
1165.6375838926174	17.47290054690689	57.231482392717176	-219.42582033118475	2.7555637084271414	-3.8962743253336822	0.08003471205123408
1171.6778523489934	17.36671693026514	57.58140724095586	-218.94549572586027	2.7602874101726274	-3.95110133766771	0.0811210804029213
1177.7181208053692	17.271111498442615	57.90015310191083	-218.4955349522197	2.7641706093068503	-4.0066520767526725	0.08222148759826202
1183.758389261745	17.186505295238437	58.18518557563022	-218.09490143901925	2.767600813347064	-4.063051282827706	0.08334731684487452
1189.7986577181207	17.112499080361758	58.436818334009224	-217.7596148171575	2.7710300887457735	-4.120305996605538	0.08446205454345865
1195.8389261744967	17.04769995873403	58.65893947104994	-217.50004134781415	2.77493551040969	-4.178286727934414	0.08562489002568742
1201.8791946308725	16.989600556009673	58.85953567320765	-217.31818447701826	2.7797706690450603	-4.236713587571987	0.08677378568052975
1207.9194630872482	16.93452565516812	59.05096017229261	-217.20521125629097	2.7859123283144376	-4.295148215204883	0.08789823983503223
1213.9597315436242	16.877656713700002	59.249931253091304	-217.13945307345628	2.793607126916339	-4.352992089730375	0.08900881264448075
1220.	16.813139068184636	59.4772930827826	-217.08510028289305	2.8029233906718685	-4.409491529049937	0.09005014778102456